makeRectangle(1964, 3900, 12000, 4000);
makeRectangle(1980, 4060, 12000, 4000);
//setTool("polygon");
makePolygon(2112,888,2560,1112,2672,1048,4072,1304,4192,1304,4528,1424,4856,1360,5248,1568,5384,1696,5680,1728,6024,1600,6320,1552,6672,1560,7360,1512,7944,1352,8192,1200,8392,1216,8800,1256,9128,1040,9344,968,9488,800,9664,768,9784,784,9992,664,10168,496,10424,504,10568,440,10648,320,10808,264,10952,352,11056,616,11528,2088,11072,2296,10256,2592,9456,2768,8640,3136,7912,3408,7248,3472,6624,3328,6128,3088,5928,2872,5944,2760,5576,2736,5032,2976,4424,2992,3584,2800,2688,2712,1672,2488,1096,2208,1528,680,1848,896);
makeRectangle(3032, 4940, 12000, 4000);
makePolygon(6664,1200,6992,1120,8680,1080,9056,1064,9416,1024,9936,888,10776,800,11184,936,11504,2176,11040,2400,10368,2504,9824,2584,9544,2536,8960,2536,7496,2824,6888,2816,6464,2720,6080,2768,5464,2816,5088,3104,5080,3416,4832,3488,3512,3152,2816,2960,2712,2872,2392,2832,2144,2728,1608,2720,952,2688,496,2704,552,2472,464,2208,600,1896,728,1640,936,792,1128,736,1256,768,1424,864,1608,840,2584,1152,2840,1176,3104,1304,3688,1480,3864,1488,4440,1680,4680,1768,4944,1760,5176,1720,5728,1656,6528,1368);
makeRectangle(3720, 3240, 12000, 4000);
makePolygon(5120,1080,5216,1216,5288,1544,5496,1928,6072,2120,6544,2096,7008,2136,7248,2008,7584,1984,7680,1872,7792,1800,8040,1848,8272,1680,8432,1680,8488,1616,8712,1712,8776,1688,9008,1528,9360,1424,9512,1320,9736,1224,9960,1200,10104,992,10336,864,10520,880,10816,640,11616,2144,11112,2464,10384,2840,9712,2992,9256,3104,8896,3352,8768,3328,8144,3592,7736,3600,7520,3680,7056,3472,6448,3064,5360,2904,4664,2832,3416,2944,2320,3024,1520,3024,904,2944,544,2672,440,2544,480,2416,600,1440,776,1352,824,1120,864,1024,1016,1096,1408,1328,1864,1280,2392,1344,2664,1232,3264,1168,3784,1120,4288,1104,4616,1120,4696,1032);
makeRectangle(3128, 4540, 12000, 4000);
makePolygon(5864,2504,6184,2632,6528,2840,7072,2944,7552,3016,8104,3000,8736,3024,8832,2976,9368,3024,9600,2984,10008,3048,10624,3072,11144,3056,11256,2976,11136,1208,10800,1336,10432,1296,9936,1208,9696,1272,9400,1448,8912,1272,8816,1280,8528,1344,8360,1288,7880,1264,7752,1200,7440,1256,7176,1368,7080,1416,6944,1488,6896,1488,6704,1392,5696,1272,5304,1288,5232,1344,4912,1352,4768,1376,4592,1488,4416,1464,4168,1536,3832,1472,3624,1528,3360,1480,3232,1456,3088,1504,2888,1416,2776,1408,2592,1432,2448,1424,2320,1360,1984,1432,1848,1400,1688,1352,1480,1344,1328,1304,1224,1240,1032,1152,984,1264,704,1096,608,1392,376,2736,344,2856,600,2896,816,2952,1040,2984,1304,3008,1456,3064,1792,3072,1904,3024,2400,3064,2744,3032,2992,3048,3168,3120,3520,3096,3800,3248,4128,3240,4504,3240,4792,3184,4976,3240,5184,3192,5256,3064,5264,2936,5184,2832,5360,2680,5528,2536,5664,2552);
makeRectangle(3240, 4828, 12000, 4000);
makePolygon(4968,896,5136,1176,5400,1192,5696,1288,5848,1264,5920,1328,6112,1216,6384,1248,6816,1280,7168,1432,7320,1488,7440,1424,7672,1512,7752,1488,7944,1672,8104,1592,8344,1664,8592,1600,9456,1496,9504,1544,9888,1520,9856,1408,10016,1360,10056,1368,10176,1288,10344,1392,10536,1424,10608,2016,10632,3016,10272,3040,9664,3128,9032,3192,8280,3240,7440,3208,6680,3152,6040,3040,6024,2864,5760,2784,5288,2592,4816,2680,4456,2832,4216,2848,3768,2912,3504,2832,3328,2880,3128,2848,2968,2928,2696,2904,2400,3016,2096,3024,1912,3104,1576,2960,1392,3064,1200,3072,1088,2880,1176,3008,1080,1024,1696,1344,1928,1328,2040,1384,2216,1400,2312,1272,2424,1288,2736,1112,3024,1200,3272,1104,3408,1136,3904,984,4136,1000,4432,928,4640,1008,4800,920);
makeRectangle(2262, 3868, 12000, 4000);
makePolygon(9568,216,10752,1720,10104,1936,9472,2240,9000,2392,8640,2680,8192,2960,7928,3176,7784,3416,7496,3552,7168,3760,6904,3632,6568,3424,6416,3464,6120,3352,5808,3336,5416,3408,5104,3688,4736,3680,4392,3504,3824,3088,3440,2880,3184,2656,2752,2592,2576,2416,1952,2384,784,2128,696,2120,1368,360,1648,392,1800,400,2240,552,2328,664,2464,624,2816,824,3048,1080,3240,1056,3504,1208,3968,1504,4264,1648,4336,1608,4728,1784,5040,1744,5344,1696,5920,1808,6376,1736,6464,1672,6640,1656,6856,1800,7016,1976,7128,1960,7200,1872,7240,1760,7504,1712,7704,1648,7744,1552,7840,1536,8040,1400,8248,1256,8408,1240,8456,1120,8592,1048,8632,912,8736,896,8944,776,9096,568,9264,424,9392,320);
makeRectangle(3444, 3192, 12000, 4000);
makePolygon(10480,1128,10648,1776,10648,2272,10648,2720,10296,2872,9816,2944,9480,3072,9120,3200,8472,3408,7936,3368,7704,3312,7392,3376,6664,3416,6656,3232,6600,3072,6472,3048,5944,3152,5672,3224,5248,3152,4952,3152,4720,3136,3824,2688,3264,2640,2264,2584,984,2528,1304,672,1472,600,1640,616,1728,656,1904,656,2296,784,2448,760,2696,848,2912,888,3160,928,3296,1008,3416,976,3808,1128,3960,1128,4336,1176,4600,1192,4904,1320,5208,1376,5496,1488,5760,1552,5848,1648,5824,1968,5728,2336,5896,2408,6128,2312,6368,2096,6496,1976,6544,1832,6840,1736,7104,1608,7272,1592,7704,1392,8008,1360,8336,1336,8504,1352,8784,1080,9080,1136,9200,1264,9464,1120,9752,1184,10080,1160);
makeRectangle(3032, 5916, 12000, 4000);
makePolygon(10272,704,10688,2344,10136,2304,9440,2456,8968,2432,8376,2744,7504,3152,6928,3376,6536,3352,6136,3264,5856,3320,5088,3296,4528,3416,4328,3296,3688,3176,3104,2912,2824,2864,2592,2672,2240,2640,1816,2472,1448,2576,1232,2640,568,2408,616,2368,808,2064,1216,632,1360,512,1616,600,1816,720,2056,736,2256,816,2392,1032,2648,1040,2792,1088,2928,1048,3264,1200,3520,1152,4344,1440,4456,1424,5008,1600,5224,1688,5296,1840,5368,2088,5536,2128,5712,2016,5800,1992,5832,1840,5896,1640,6168,1376,6368,1240,6968,1184,7408,1224,7744,1184,7976,1072,8160,1056,8560,784,8976,512,9336,424,9752,456,10064,544);
makeRectangle(4472, 5436, 12000, 4000);
makePolygon(10688,1336,11064,1400,11176,1616,11184,1928,11368,2176,11512,2664,11344,2728,10664,2864,10192,2944,9640,2992,9352,2920,8776,3152,8160,3200,7400,3312,6928,3152,6504,2992,5936,2992,5536,2928,5192,2864,4984,2912,4928,3272,4696,3344,4360,3296,4008,3352,3264,3208,2824,3160,2024,3160,1520,3072,888,2952,704,2880,600,2696,824,2496,864,2048,1072,1688,1032,1352,1168,1360,1224,1384,1368,1248,1704,1448,1752,1544,1888,1520,1960,1424,2048,1488,2104,1456,2272,1552,2368,1568,2552,1496,2776,1496,2920,1568,3584,1568,3848,1632,4144,1552,4512,1600,4704,1720,4704,1784,4832,1816,4920,1912,5496,2048,5632,2016,5808,2136,6176,2096,6600,2080,6840,1912,7048,1720,7336,1672,7496,1672,7656,1600,9160,1600,9632,1544,9696,1600,9776,1536,10520,1424,10640,1368);
makeRectangle(3372, 4188, 12000, 4000);
makePolygon(912,1656,1520,1952,1680,2016,2416,1864,2688,1784,2912,1904,3888,1976,4344,1704,5272,1344,5648,1416,5960,1576,6232,1544,6496,1568,6792,1664,7312,1736,8000,1728,8680,1784,9296,1864,9744,1936,9952,1768,10328,1360,10856,864,11056,752,11664,1928,10848,2192,10352,2336,9768,2336,9168,2112,8640,2024,7928,1880,7352,1856,6624,1920,6208,1992,5880,2120,5712,2032,5408,2192,4736,2280,4184,2464,3496,2480,2768,2432,2400,2288,1864,2320,1296,2240,472,2144,656,1736);
makeRectangle(3240, 5276, 12000, 4000);
makePolygon(1616,1288,1432,1520,992,2168,1368,2320,1888,2384,2512,2272,2824,2192,3408,2192,3752,2192,4016,2072,4144,2296,4408,2576,4712,2680,5008,2720,5296,2856,5504,2784,5904,2824,6456,2768,6752,2688,7024,2616,7352,2712,7584,2632,7856,2576,8216,2440,8672,2248,9096,2016,9392,2144,10192,2240,10896,2248,11096,2184,11192,2264,11416,2184,11448,1944,11312,1696,11200,1592,10760,1408,10392,1056,10144,1224,9768,1688,9544,1832,9088,1896,8752,2016,8624,2144,8048,2408,7864,2480,7800,2528,7688,2504,7336,2584,6696,2320,6560,2112,6480,2064,6408,2144,6216,1992,6136,2024,5736,1904,5568,1920,5336,2168,5088,2392,4816,2512,4544,2480,4296,2336,4144,2096,4088,2000,4040,1992,3824,2072,2752,2016,2520,2016,2488,2080,2344,2008,2136,1912,1904,1800,1736,1560);
makeRectangle(3960, 4940, 12000, 4000);
close();






// to CD10-H2



run("script:New_.ijm");
makeRectangle(3944, 5020, 12000, 4000);
makePolygon(11272,2600,11184,1096,11064,720,10680,800,10144,1256,9808,1224,9640,1280,9416,1184,9032,1336,8760,1232,8520,1344,8064,1344,7960,1384,7576,1288,7024,1296,6640,1400,6384,1536,6032,1520,5848,1408,5536,1400,5184,1504,4984,1560,4616,1512,4416,1464,4040,1520,3176,1544,2840,1360,2656,1440,2392,1392,1840,1336,1000,1344,792,1472,776,1720,856,2176,720,2728,872,2936,1248,2896,1432,2768,1688,2856,1984,2728,2168,2816,2544,2736,2832,2792,2920,2680,3296,2720,3456,2736,3736,2848,3944,2832,4224,2968,4520,2960,4728,2992,5080,2952,5272,3000,5424,2952,5456,2752,5856,2504,6104,2376,6288,2408,6672,2488,6976,2576,7096,2680,7200,3000,7384,3000,7464,3016,7656,2968,7864,2992,8168,2904,8288,2944,8672,2904,8792,2856,9032,2888,9264,2832,9536,2888,9864,2768,10000,2888,10264,2800,10440,2784,10776,2600,10960,2696,11144,2696);
makeRectangle(2093, 4700, 12000, 4000);
makeRectangle(2253, 4636, 12000, 4000);
makePolygon(864,1976,1448,688,1584,424,2008,720,2232,896,2416,1040,2680,1016,3184,1280,3392,1432,4544,1800,4920,1880,5232,1848,5456,1752,5888,1888,6600,2088,6880,2112,7256,2128,7416,2144,7912,1984,8248,2080,8480,1976,8728,1928,8872,1880,8992,1920,9168,1864,9328,1872,9920,1712,8128,1504);
makePolygon(1456,704,2096,856,2352,968,2448,1080,2680,1040,3232,1312,3592,1544,4496,1792,4920,1904,5352,1856,5504,1760,5920,1880,6328,2016,6672,2096,7392,2136,7616,2088,7944,1976,8216,2064,8424,2000,8736,1960,8960,1848,9024,1912,9160,1856,9496,1832,9832,1752,10312,1712,10400,1768,10624,3104,10504,3208,9560,3224,8848,3368,8512,3464,8248,3400,8056,3520,7776,3480,7000,3576,6576,3512,6168,3536,6168,3384,6216,3192,5968,3080,5672,3048,5408,3064,5104,3352,5056,3520,4888,3512,4672,3392,4352,3384,4128,3184,3816,3136,3712,2960,3480,2936,3192,2792,2936,2784,2728,2664,1920,2464,1752,2336,1424,2296,1128,2096,1072,2064,960,2064,872,1928,1184,1368);
makeRectangle(3024, 3792, 12000, 4000);
makePolygon(752,2328,992,1768,1120,1264,1256,896,2248,1248,2544,1480,2720,1576,2824,1704,3048,1768,3120,1744,4112,2040,4440,1944,4864,1872,5264,1880,6112,1840,6352,1744,6808,1920,7088,1872,7216,1776,7496,1720,7680,1584,8000,1544,9168,1096,9304,1112,9464,976,9640,1288,9944,2056,9864,2592,9400,2600,9096,2688,8656,2808,8448,2976,8168,2984,7856,3216,7456,3264,7080,3496,6392,3552,6056,3368,6152,3056,6216,2944,6120,2816,5872,2840,5456,2896,5280,2952,4872,2936,4632,3296,4248,3400,3584,3304,3184,3120,2648,2880,2280,2680,1928,2480,1568,2456,1192,2360,976,2288);
makeRectangle(3552, 8484, 12000, 4000);
makePolygon(6976,2384,7576,2056,8192,1856,9232,1656,9872,1432,10232,1304,11064,896,11408,720,11480,1304,11288,1264,10544,1560,9832,1864,9184,2072,8384,2224,8240,2216,7680,2416,7112,2744,6968,2704,6888,2728,6656,2696,6296,2600,5928,2528,5704,2544,5344,2448,4656,2456,3664,2368,3120,2272,2496,2112,2160,2088,1600,1920,1512,1864,1520,1760,1736,1608,1864,1576,2384,1688,3352,1936,3992,2072,4432,2128,4768,2120,5064,2088,5496,1896,5896,1880,6152,1920,6264,1984,6704,2184,6864,2312,6928,2472);
makeRectangle(1842, 7436, 12000, 4000);
makePolygon(936,1168,1264,744,1608,1032,1784,1264,1968,1368,2792,1832,3560,2176,3816,2352,3952,2256,4464,2128,5208,2064,6296,1880,6592,1872,6816,1880,7056,1992,7368,1960,7736,2104,7928,2224,8840,2272,9480,2368,9776,2384,10136,2136,10680,1608,10992,1216,11296,1464,10912,1928,10352,2376,9920,2624,9584,2688,8776,2680,7824,2616,7200,2576,6984,2576,6720,2560,6160,2472,5328,2480,4480,2520,3896,2672,3664,2664,3168,2472,2072,1920,1256,1424);
makeRectangle(1951, 5548, 12000, 4000);
makeRectangle(1903, 5836, 12000, 4000);
makePolygon(6040,2008,6152,2000,6528,2120,7136,2368,7648,2392,8304,2352,9008,2264,9272,2280,9680,2192,9744,2208,10024,2024,10408,1752,10944,1392,11072,1296,11368,1712,10968,2056,10432,2400,10056,2584,9824,2704,9688,2672,9536,2720,8904,2792,8328,2848,7640,2880,7040,2880,6792,2888,6456,2960,6056,3072,5704,3024,5408,2992,3680,2944,2960,2808,2280,2656,1352,2368,640,1848,488,1744,824,1232,1376,1648,1760,1920,1952,1952,2584,2152,2872,2256,3304,2328,3416,2352,3568,2432,4024,2448,4624,2328,5272,2160,5680,2072);
makeRectangle(3048, 6828, 12000, 4000);
makePolygon(392,1920,752,1384,1064,1560,1712,1992,1896,2072,2128,2168,2560,2344,2976,2440,3616,2488,3792,2536,4320,2504,5040,2448,5576,2368,5968,2408,6432,2344,6640,2256,6968,2320,7104,2368,7784,2368,8568,2368,9000,2200,9416,2016,9920,1832,10144,1632,10664,1384,11024,1176,11360,1624,10952,1936,10528,2104,10072,2344,9576,2552,9080,2704,8448,2856,7848,2912,7256,2904,7008,2888,6704,2960,6384,3064,5680,2992,4960,2992,4208,2944,3576,2936,3016,2912,2520,2832,1904,2616,1448,2424,1120,2240,752,2048);
makeRectangle(3160, 5436, 12000, 4000);
makePolygon(6016,1688,6608,1504,6904,1512,7568,1664,8224,1896,8880,2008,9040,2056,9120,2128,9672,2048,10208,1888,10696,1648,11168,1288,11488,1968,11048,2152,10552,2416,10096,2552,9432,2624,8808,2584,8232,2488,7952,2408,7288,2280,7040,2296,6632,2272,6416,2256,5960,2432,5728,2440,5264,2352,4800,2400,4600,2416,4016,2568,3048,2696,2432,2744,2008,2672,1664,2568,824,2176,240,1920,544,1264,856,1432,1136,1600,1240,1736,1632,1912,1912,1984,2376,2248,2464,2136,3040,2104,3448,2112,4080,1936,4648,1776,5032,1640,5480,1584,5752,1624,5888,1776,5944,1904);
makeRectangle(2971, 2220, 12000, 4000);
makePolygon(10944,1392,11216,1632,11392,1512,11568,1704,11624,1944,11576,2192,11464,2320,11152,2328,10528,2448,10160,2624,9576,2648,9184,2744,8064,3328,7632,3384,7456,3232,7056,3304,6232,3448,5752,3344,5320,3384,5168,3856,4872,3800,4456,3528,4056,3440,3336,3480,2848,3296,2376,3176,1936,3104,1424,2928,992,2888,656,2696,808,2304,752,1976,960,1936,1184,1976,1240,2064,1520,1984,1720,2072,1744,1976,2096,2136,2880,2432,3224,2456,3464,2552,4096,2616,4248,2624,4480,2544,4632,2680,4888,2568,5464,2568,5784,2576,6136,2696,6360,2656,6808,2496,7152,2640,7320,2664,7496,2456,7784,2488,8008,2320,8312,2336,8536,2192,8816,2160,9080,2064,9368,2016,9632,1776,9928,1816,10096,1736,10224,1632,10480,1608,10688,1544);
makeRectangle(5032, 4172, 12000, 4000);
makePolygon(6520,2432,7072,2408,7528,2424,7864,2464,8200,2464,8888,2712,9128,2864,9240,2736,9352,2680,9904,2656,10072,2672,10392,2608,10576,2544,10840,2344,11016,2424,10584,2640,10240,2792,10104,2760,9792,2816,9384,2752,9232,2832,9136,2984,8840,2944,8432,2872,8080,2840,7808,3008,7176,3072,6736,3152,6240,3160,5864,3200,5528,3112,5248,3136,4792,3160,4200,3216,4112,3152,3744,3024,3616,2952,3448,3048,3480,2944,3616,2872,3776,2976,3928,2984,4240,3088,4640,3040,5096,3008,5304,2904,5472,2944,5600,2752,5832,2600,6144,2480,6240,2400);
makeRectangle(4080, 2988, 12000, 4000);
makePolygon(2344,2064,2736,2112,3152,2160,3672,2352,4032,2560,4400,2464,4760,2616,5480,2984,5712,2896,5888,2880,5832,2992,5864,3136,5880,3336,5280,3096,4496,2704,4184,2808,3840,2736,3424,2560,3112,2504,2704,2480,2280,2592,2240,2288);
makeRectangle(2286, 5596, 12000, 4000);
makeRectangle(2526, 5660, 12000, 4000);
makePolygon(560,2936,904,2616,1264,2120,1640,2032,2040,2104,2312,1992,2632,1648,3128,1368,3544,1328,3816,1344,4136,1488,4416,1440,4584,1328,4744,1360,5000,1640,5720,1688,6080,1592,6880,1576,7504,1648,7904,1760,8304,1920,8240,1752,8416,1576,8616,1592,8664,1656,8848,1592,8928,1584,9064,1312,9296,1256,9480,1304,9592,1256,9632,1120,9816,1040,10032,1000,10504,864,10864,896,11112,704,11304,568,11424,768,11704,1272,11736,1536,11264,1664,10856,1816,10352,1872,9848,1992,9536,2240,9200,2392,9040,2384,8848,2600,8456,2656,8160,2688,7936,2840,7704,2768,7576,2608,7496,2440,7072,2456,6200,2488,5184,2624,4512,2616,3480,2672,2952,2824,2784,2744,2440,2832,2104,2936,1768,3104,1344,3160,1144,3168,1008,3208,856,3240,648,3080);
saveAs("Text", "I:/boneDefect/8wks(2018)/HE/Calv/paranoramicViewer/data/Log.txt");
